1 0.3203125 0.48125 0.065625 0.0828125
1 0.3203125 0.48125 0.065625 0.0828125
2 0.128125 0.36875 0.25625 0.4265625
1 0.3203125 0.48125 0.065625 0.0828125
2 0.128125 0.36875 0.25625 0.4265625
0 0.64375 0.484375 0.0953125 0.0625
1 0.3203125 0.48125 0.065625 0.0828125
2 0.128125 0.36875 0.25625 0.4265625
0 0.64375 0.484375 0.0953125 0.0625
3 0.9171875 0.4546875 0.1625 0.196875
1 0.3203125 0.48125 0.065625 0.0828125
2 0.128125 0.36875 0.25625 0.4265625
0 0.64375 0.484375 0.0953125 0.0625
3 0.9171875 0.4546875 0.1625 0.196875
3 0.5203125 0.4796875 0.125 0.0890625