1 0.4390625 0.5171875 0.075 0.0734375
1 0.4390625 0.5171875 0.075 0.0734375
1 0.371875 0.50625 0.1125 0.1296875
1 0.4390625 0.5171875 0.075 0.0734375
1 0.371875 0.50625 0.1125 0.1296875
2 0.7234375 0.4046875 0.5515625 0.45625
1 0.4390625 0.5171875 0.075 0.0734375
1 0.371875 0.50625 0.1125 0.1296875
2 0.7234375 0.4046875 0.5515625 0.45625
3 0.9390625 0.5171875 0.1203125 0.08125
1 0.4390625 0.5171875 0.075 0.0734375
1 0.371875 0.50625 0.1125 0.1296875
2 0.7234375 0.4046875 0.5515625 0.45625
3 0.9390625 0.5171875 0.1203125 0.08125
3 0.0984375 0.509375 0.1953125 0.1171875