1 0.790625 0.48125 0.1171875 0.0765625
1 0.790625 0.48125 0.1171875 0.0765625
1 0.728125 0.4671875 0.0953125 0.1359375
1 0.790625 0.48125 0.1171875 0.0765625
1 0.728125 0.4671875 0.0953125 0.1359375
2 0.878125 0.31875 0.2421875 0.5734375
1 0.790625 0.48125 0.1171875 0.0765625
1 0.728125 0.4671875 0.0953125 0.1359375
2 0.878125 0.31875 0.2421875 0.5734375
0 0.0984375 0.4828125 0.14375 0.0796875
1 0.790625 0.48125 0.1171875 0.0765625
1 0.728125 0.4671875 0.0953125 0.1359375
2 0.878125 0.31875 0.2421875 0.5734375
0 0.0984375 0.4828125 0.14375 0.0796875
3 0.44375 0.475 0.15625 0.1109375