1 0.0734375 0.4703125 0.1453125 0.11875
1 0.0734375 0.4703125 0.1453125 0.11875
1 0.8390625 0.4671875 0.2421875 0.1421875
1 0.0734375 0.4703125 0.1453125 0.11875
1 0.8390625 0.4671875 0.2421875 0.1421875
0 0.3859375 0.4765625 0.1359375 0.1015625
1 0.0734375 0.4703125 0.1453125 0.11875
1 0.8390625 0.4671875 0.2421875 0.1421875
0 0.3859375 0.4765625 0.1359375 0.1015625
3 0.4578125 0.4828125 0.0953125 0.071875
1 0.0734375 0.4703125 0.1453125 0.11875
1 0.8390625 0.4671875 0.2421875 0.1421875
0 0.3859375 0.4765625 0.1359375 0.1015625
3 0.4578125 0.4828125 0.0953125 0.071875
3 0.7234375 0.4515625 0.3234375 0.2171875