1 0.20625 0.4796875 0.0890625 0.084375
1 0.20625 0.4796875 0.0890625 0.084375
2 0.075 0.3765625 0.1484375 0.396875
1 0.20625 0.4796875 0.0890625 0.084375
2 0.075 0.3765625 0.1484375 0.396875
0 0.5296875 0.484375 0.0875 0.0625
1 0.20625 0.4796875 0.0890625 0.084375
2 0.075 0.3765625 0.1484375 0.396875
0 0.5296875 0.484375 0.0875 0.0625
3 0.853125 0.4578125 0.2875 0.1859375
1 0.20625 0.4796875 0.0890625 0.084375
2 0.075 0.3765625 0.1484375 0.396875
0 0.5296875 0.484375 0.0875 0.0625
3 0.853125 0.4578125 0.2875 0.1859375
3 0.4046875 0.4796875 0.1265625 0.0875