1 0.2734375 0.4796875 0.078125 0.0890625
1 0.2734375 0.4796875 0.078125 0.0890625
2 0.0921875 0.353125 0.184375 0.46875
1 0.2734375 0.4796875 0.078125 0.0890625
2 0.0921875 0.353125 0.184375 0.46875
0 0.6140625 0.484375 0.0984375 0.065625
1 0.2734375 0.4796875 0.078125 0.0890625
2 0.0921875 0.353125 0.184375 0.46875
0 0.6140625 0.484375 0.0984375 0.065625
3 0.915625 0.45 0.165625 0.221875
1 0.2734375 0.4796875 0.078125 0.0890625
2 0.0921875 0.353125 0.184375 0.46875
0 0.6140625 0.484375 0.0984375 0.065625
3 0.915625 0.45 0.165625 0.221875
3 0.484375 0.478125 0.1328125 0.09375