1 0.8609375 0.4796875 0.1296875 0.078125
1 0.8609375 0.4796875 0.1296875 0.078125
1 0.790625 0.465625 0.10625 0.1453125
1 0.8609375 0.4796875 0.1296875 0.078125
1 0.790625 0.465625 0.10625 0.1453125
2 0.9015625 0.3125 0.1953125 0.625
1 0.8609375 0.4796875 0.1296875 0.078125
1 0.790625 0.465625 0.10625 0.1453125
2 0.9015625 0.3125 0.1953125 0.625
0 0.0484375 0.45 0.0953125 0.2296875
1 0.8609375 0.4796875 0.1296875 0.078125
1 0.790625 0.465625 0.10625 0.1453125
2 0.9015625 0.3125 0.1953125 0.625
0 0.0484375 0.45 0.0953125 0.2296875
0 0.153125 0.4828125 0.1375 0.0796875
1 0.8609375 0.4796875 0.1296875 0.078125
1 0.790625 0.465625 0.10625 0.1453125
2 0.9015625 0.3125 0.1953125 0.625
0 0.0484375 0.45 0.0953125 0.2296875
0 0.153125 0.4828125 0.1375 0.0796875
3 0.5 0.4734375 0.159375 0.115625