1 0.490625 0.4640625 0.221875 0.15
1 0.490625 0.4640625 0.221875 0.15
2 0.9203125 0.4421875 0.1578125 0.1890625
1 0.490625 0.4640625 0.221875 0.15
2 0.9203125 0.4421875 0.1578125 0.1890625
0 0.040625 0.471875 0.0796875 0.11875
1 0.490625 0.4640625 0.221875 0.15
2 0.9203125 0.4421875 0.1578125 0.1890625
0 0.040625 0.471875 0.0796875 0.11875
3 0.090625 0.48125 0.14375 0.0796875
1 0.490625 0.4640625 0.221875 0.15
2 0.9203125 0.4421875 0.1578125 0.1890625
0 0.040625 0.471875 0.0796875 0.11875
3 0.090625 0.48125 0.14375 0.0796875
3 0.328125 0.4453125 0.33125 0.240625