1 0.753125 0.48125 0.1109375 0.0734375
1 0.753125 0.48125 0.1109375 0.0734375
1 0.696875 0.4671875 0.090625 0.13125
1 0.753125 0.48125 0.1109375 0.0734375
1 0.696875 0.4671875 0.090625 0.13125
2 0.8671875 0.3359375 0.2625 0.5171875
1 0.753125 0.48125 0.1109375 0.0734375
1 0.696875 0.4671875 0.090625 0.13125
2 0.8671875 0.3359375 0.2625 0.5171875
0 0.071875 0.4828125 0.1421875 0.0796875
1 0.753125 0.48125 0.1109375 0.0734375
1 0.696875 0.4671875 0.090625 0.13125
2 0.8671875 0.3359375 0.2625 0.5171875
0 0.071875 0.4828125 0.1421875 0.0796875
3 0.35 0.484375 0.0796875 0.0625
1 0.753125 0.48125 0.1109375 0.0734375
1 0.696875 0.4671875 0.090625 0.13125
2 0.8671875 0.3359375 0.2625 0.5171875
0 0.071875 0.4828125 0.1421875 0.0796875
3 0.35 0.484375 0.0796875 0.0625
3 0.4171875 0.475 0.153125 0.109375