1 0.3125 0.478125 0.0828125 0.0953125
1 0.3125 0.478125 0.0828125 0.0953125
1 0.1265625 0.3875 0.2515625 0.775
1 0.3125 0.478125 0.0828125 0.0953125
1 0.1265625 0.3875 0.2515625 0.775
1 0.9015625 0.4671875 0.1953125 0.1390625
1 0.3125 0.478125 0.0828125 0.0953125
1 0.1265625 0.3875 0.2515625 0.775
1 0.9015625 0.4671875 0.1953125 0.1390625
2 0.090625 0.4546875 0.18125 0.1453125
1 0.3125 0.478125 0.0828125 0.0953125
1 0.1265625 0.3875 0.2515625 0.775
1 0.9015625 0.4671875 0.1953125 0.1390625
2 0.090625 0.4546875 0.18125 0.1453125
3 0.6796875 0.459375 0.2390625 0.178125